# relative_time, cycles_done, cur_path, paths_total, pending_total, pending_favs, map_size, unique_crashes, unique_hangs, max_depth, execs_per_sec, total_execs, edges_found, unique_diffs
61, 0, 0, 896, 896, 1, 10.28%, 0, 0, 2, 154.98, 11039, 6739, 0
66, 0, 0, 941, 941, 1, 10.33%, 0, 0, 2, 136.46, 11705, 6768, 0
71, 0, 0, 988, 988, 1, 10.38%, 0, 0, 2, 135.06, 12419, 6801, 0
76, 0, 0, 1019, 1019, 1, 10.39%, 0, 0, 2, 116.28, 13003, 6807, 0
82, 0, 0, 1054, 1054, 1, 10.42%, 0, 0, 2, 125.36, 13627, 6831, 0
87, 0, 0, 1087, 1087, 1, 10.45%, 0, 0, 2, 125.44, 14271, 6851, 0
92, 0, 0, 1123, 1123, 1, 10.48%, 0, 0, 2, 125.95, 14943, 6866, 0
97, 0, 0, 1159, 1159, 1, 10.51%, 0, 0, 2, 128.85, 15605, 6891, 0
102, 0, 0, 1180, 1180, 1, 10.52%, 0, 0, 2, 108.33, 16141, 6897, 0
107, 0, 0, 1205, 1205, 1, 10.59%, 0, 0, 2, 111.23, 16723, 6937, 0
112, 0, 0, 1233, 1233, 1, 10.60%, 0, 0, 2, 111.29, 17317, 6945, 0
118, 0, 0, 1250, 1250, 1, 10.64%, 0, 0, 2, 99.42, 17815, 6970, 0
123, 0, 0, 1269, 1269, 1, 10.66%, 0, 0, 2, 103.40, 18341, 6984, 0
128, 0, 0, 1293, 1293, 1, 10.71%, 0, 0, 2, 105.24, 18879, 7020, 0
133, 0, 0, 1311, 1311, 1, 10.72%, 0, 0, 2, 110.60, 19443, 7026, 0
138, 0, 0, 1327, 1327, 1, 10.76%, 0, 0, 2, 104.00, 19979, 7053, 0
143, 0, 0, 1343, 1343, 1, 10.87%, 0, 0, 2, 105.70, 20517, 7124, 0
148, 0, 0, 1363, 1363, 1, 10.92%, 0, 0, 2, 110.57, 21093, 7154, 0
153, 0, 0, 1383, 1383, 1, 10.94%, 0, 0, 2, 111.99, 21669, 7170, 0
158, 0, 0, 1403, 1403, 1, 10.95%, 0, 0, 2, 110.89, 22233, 7177, 0
163, 0, 0, 1423, 1423, 1, 10.96%, 0, 0, 2, 113.65, 22817, 7180, 0
169, 0, 0, 1439, 1439, 1, 10.97%, 0, 0, 2, 108.57, 23369, 7190, 0
174, 0, 0, 1452, 1452, 1, 10.99%, 0, 0, 2, 106.01, 23903, 7202, 0
179, 0, 0, 1467, 1467, 1, 11.00%, 0, 0, 2, 99.48, 24419, 7209, 0
184, 0, 0, 1476, 1476, 1, 11.00%, 0, 0, 2, 98.74, 24915, 7210, 0
189, 0, 0, 1485, 1485, 1, 11.01%, 0, 0, 2, 101.48, 25433, 7213, 0
194, 0, 0, 1499, 1499, 1, 11.01%, 0, 0, 2, 102.93, 25953, 7215, 0
199, 0, 0, 1515, 1515, 1, 11.03%, 0, 0, 2, 104.99, 26487, 7229, 0
204, 0, 0, 1525, 1525, 1, 11.03%, 0, 0, 2, 96.91, 26957, 7229, 0
209, 0, 0, 1533, 1533, 1, 11.03%, 0, 0, 2, 89.97, 27408, 7231, 0
214, 0, 0, 1538, 1538, 1, 11.05%, 0, 0, 2, 84.58, 27826, 7245, 0
219, 0, 0, 1550, 1550, 1, 11.08%, 0, 0, 2, 88.99, 28301, 7261, 0
225, 0, 0, 1558, 1558, 1, 11.09%, 0, 0, 2, 90.03, 28761, 7267, 0
230, 0, 0, 1568, 1568, 1, 11.09%, 0, 0, 2, 90.11, 29212, 7269, 0
235, 0, 0, 1577, 1577, 1, 11.10%, 0, 0, 2, 94.37, 29706, 7275, 0
240, 0, 0, 1589, 1589, 1, 11.11%, 0, 0, 2, 97.52, 30206, 7281, 0
245, 0, 0, 1598, 1598, 1, 11.11%, 0, 0, 2, 87.93, 30653, 7284, 0
250, 0, 0, 1603, 1603, 1, 11.13%, 0, 0, 2, 81.97, 31069, 7291, 0
255, 0, 0, 1611, 1611, 1, 11.13%, 0, 0, 2, 94.29, 31565, 7291, 0
260, 0, 0, 1618, 1618, 1, 11.14%, 0, 0, 2, 94.16, 32023, 7301, 0
266, 0, 0, 1629, 1629, 1, 11.14%, 0, 0, 2, 90.81, 32511, 7301, 0
271, 0, 0, 1641, 1641, 1, 11.15%, 0, 0, 2, 95.34, 33002, 7309, 0
276, 0, 0, 1649, 1649, 1, 11.18%, 0, 0, 2, 94.62, 33482, 7327, 0
281, 0, 0, 1654, 1654, 1, 11.18%, 0, 0, 2, 78.78, 33870, 7329, 0
286, 0, 0, 1660, 1660, 1, 11.19%, 0, 0, 2, 89.00, 34335, 7334, 0
291, 0, 0, 1666, 1666, 1, 11.20%, 0, 0, 2, 92.79, 34816, 7338, 0
297, 0, 0, 1674, 1674, 1, 11.21%, 0, 0, 2, 89.25, 35292, 7344, 0
302, 0, 0, 1680, 1680, 1, 11.21%, 0, 0, 2, 92.97, 35766, 7346, 0
307, 0, 0, 1686, 1686, 1, 11.22%, 0, 0, 2, 94.76, 36256, 7351, 0
312, 0, 0, 1697, 1697, 1, 11.22%, 0, 0, 2, 101.89, 36775, 7355, 0
317, 0, 0, 1702, 1702, 1, 11.23%, 0, 0, 2, 96.72, 37266, 7358, 0
322, 0, 0, 1709, 1709, 1, 11.23%, 0, 0, 2, 97.90, 37772, 7359, 0
327, 0, 0, 1718, 1718, 1, 11.23%, 0, 0, 2, 98.48, 38273, 7359, 0
332, 0, 0, 1725, 1725, 1, 11.24%, 0, 0, 2, 98.83, 38769, 7363, 0
338, 0, 0, 1731, 1731, 1, 11.24%, 0, 0, 2, 97.59, 39279, 7364, 0
343, 0, 0, 1734, 1734, 1, 11.24%, 0, 0, 2, 95.36, 39761, 7365, 0
348, 0, 0, 1741, 1741, 1, 11.24%, 0, 0, 2, 98.84, 40262, 7367, 0
353, 0, 0, 1743, 1743, 1, 11.24%, 0, 0, 2, 86.09, 40672, 7368, 0
358, 0, 0, 1747, 1747, 1, 11.25%, 0, 0, 2, 85.03, 41091, 7370, 0
363, 0, 0, 1755, 1755, 1, 11.25%, 0, 0, 2, 91.15, 41560, 7373, 0
368, 0, 0, 1759, 1759, 1, 11.25%, 0, 0, 2, 85.25, 42010, 7373, 0
373, 0, 0, 1762, 1762, 1, 11.25%, 0, 0, 2, 76.94, 42379, 7374, 0
378, 0, 0, 1769, 1769, 1, 11.27%, 0, 0, 2, 78.86, 42797, 7384, 0
383, 0, 0, 1771, 1771, 1, 11.27%, 0, 0, 2, 76.01, 43162, 7385, 0
388, 0, 0, 1775, 1775, 1, 11.27%, 0, 0, 2, 83.97, 43595, 7387, 0
394, 0, 0, 1782, 1782, 1, 11.27%, 0, 0, 2, 90.63, 44081, 7389, 0
399, 0, 0, 1785, 1785, 1, 11.28%, 0, 0, 2, 79.82, 44465, 7391, 0
404, 0, 0, 1790, 1790, 1, 11.28%, 0, 0, 2, 77.39, 44855, 7392, 0
409, 0, 0, 1796, 1796, 1, 11.28%, 0, 0, 2, 79.85, 45267, 7392, 0
414, 0, 0, 1801, 1801, 1, 11.28%, 0, 0, 2, 83.38, 45705, 7394, 0
420, 0, 0, 1807, 1807, 1, 11.28%, 0, 0, 2, 88.69, 46159, 7394, 0
425, 0, 0, 1812, 1812, 1, 11.28%, 0, 0, 2, 89.04, 46635, 7394, 0
425, 0, 0, 1812, 1812, 1, 11.28%, 0, 0, 2, 87.40, 46680, 7394, 0
